-0.91 45.0 0.0
-2.32223355897 45.0738156054 -0.017382190918
-3.73446711794 45.1476312109 -0.034764381836
-5.1467006769 45.2214468163 -0.0521465727541
-6.55893423587 45.2952624217 -0.0695287636721
-7.97116779484 45.3690780271 -0.0869109545901
-9.38340135381 45.4428936326 -0.104293145508
-10.7956349128 45.516709238 -0.121675336426
-12.2078684717 45.5905248434 -0.139057527344
-13.9270732998 45.6915949661 -0.0938658354355
-15.6462781279 45.7926650889 -0.0486741435268
-17.3654829559 45.8937352116 -0.00348245161809
-19.084687784 45.9948053343 0.0417092402906
-20.8038926121 46.095875457 0.0869009321993
-22.5230974401 46.1969455797 0.132092624108
-23.898073117 45.9679300423 0.129658121177
-25.2730487939 45.738914505 0.127223618247
-26.6480244708 45.5098989676 0.124789115316
-28.0230001477 45.2808834302 0.122354612385
-29.3979758245 45.0518678928 0.119920109455
-30.7729515014 44.8228523554 0.117485606524
-31.8743919158 44.0568035857 0.215177072947
-32.9758323302 43.2907548159 0.31286853937
-34.0772727446 42.5247060461 0.410560005792
-35.178713159 41.7586572763 0.508251472215
-36.2801535734 40.9926085065 0.605942938637
-37.3815939878 40.2265597368 0.70363440506
-38.8832529876 38.6067906084 0.696148072881
-40.3849119874 36.9870214801 0.688661740701
-41.1710701758 35.8127897492 0.803799558383
-41.9572283642 34.6385580183 0.918937376065
-42.7433865526 33.4643262873 1.03407519375
-43.5295447411 32.2900945564 1.14921301143
-44.3157029295 31.1158628255 1.26435082911
-45.1018611179 29.9416310946 1.37948864679
-44.918624876 28.4049754406 1.40431418867
-44.7353886341 26.8683197867 1.42913973055
-44.5521523923 25.3316641328 1.45396527243
-44.3689161504 23.7950084789 1.4787908143
-44.1856799086 22.258352825 1.50361635618
-44.0024436667 20.7216971711 1.52844189806
-43.8192074248 19.1850415172 1.55326743994
-43.635971183 17.6483858633 1.57809298182
-42.6375285076 17.1786324662 2.04204966647
-41.6390858323 16.7088790692 2.50600635112
-40.6406431569 16.2391256721 2.96996303577
-39.6422004816 15.7693722751 -2.84926558675
-38.3345944731 15.1632254191 -2.74103164363
-37.0269884645 14.5570785632 -2.63279770051
-35.7193824559 13.9509317072 -2.52456375738
-34.4117764474 13.3447848513 -2.41632981426
-32.7144366676 12.6308365828 -3.11972096869
-31.0170968878 11.9168883143 2.46007318406
-31.2027110718 9.97479792801 1.89304571668
-31.3883252558 8.03270754172 1.3260182493
-31.3554315817 6.68095826334 1.22240556507
-31.3225379076 5.32920898497 1.11879288084
-31.2896442335 3.97745970659 1.01518019661
-31.2567505594 2.62571042822 0.91156751238
-31.2238568853 1.27396114984 0.807954828151
-31.1909632112 -0.0777881285326 0.704342143921
-31.0650899835 -0.444691546502 2.11625003645
-30.9392167558 -0.811594964471 -2.7550273782
-30.1084690489 -0.834443824998 -1.85539572981
-29.2777213419 -0.857292685526 -0.955764081429
-27.4194680663 -0.433830626559 -0.509052401012
-25.5612147908 -0.0103685675927 -0.0623407205961
-23.7029615152 0.413093491374 0.38437095982
-21.8447082397 0.836555550341 0.831082640236
-20.4797569045 0.905223515583 1.0038552418
-19.1148055694 0.973891480826 1.17662784336
-17.6117158184 1.41823454566 0.853312646221
-16.1086260675 1.86257761049 0.529997449077
-14.6055363165 2.30692067533 0.206682251934
-13.1024465656 2.75126374016 -0.116632945209
-11.5993568146 3.195606805 -0.439948142353
-10.0962670636 3.63994986983 -0.763263339496
-9.15660976253 2.77122257152 -0.29889841541
-8.21695246143 1.90249527321 0.165466508675
-6.39021434607 1.36687145491 0.124099881507
-4.56347623071 0.831247636605 0.0827332543377
-0.91 -0.24 0.0