-43.95 -42.75 0.0
-43.8954823538 -42.6189140734 -0.322596790137
-43.8409647076 -42.4878281469 -0.645193580274
-43.7864470615 -42.3567422203 -0.967790370411
-43.7319294153 -42.2256562938 -1.29038716055
-43.6774117691 -42.0945703672 -1.61298395068
-43.6228941229 -41.9634844407 -1.93558074082
-43.5683764767 -41.8323985141 -2.25817753096
-43.5138588306 -41.7013125876 -2.5807743211
-42.313331223 -40.893857228 -2.9054232576
-41.1128036154 -40.0864018684 3.05311311307
-39.9122760078 -39.2789465088 2.72846417656
-38.7117484002 -38.4714911492 2.40381524005
-37.5112207927 -37.6640357896 2.07916630354
-36.3106931851 -36.8565804299 1.75451736703
-35.1101655775 -36.0491250703 1.42986843053
-33.9096379699 -35.2416697107 1.10521949402
-33.9896404417 -34.7691090344 1.33772002495
-34.0696429135 -34.2965483582 1.57022055589
-34.1496453853 -33.8239876819 1.80272108682
-34.2296478571 -33.3514270056 2.03522161776
-34.3096503289 -32.8788663293 2.26772214869
-34.3896528007 -32.406305653 2.50022267962
-34.4696552726 -31.9337449768 2.73272321056
-34.5496577444 -31.4611843005 2.96522374149
-33.4578455193 -31.1269810136 2.8397883044
-32.3660332942 -30.7927777267 2.7143528673
-31.2742210692 -30.4585744397 2.58891743021
-30.1824088441 -30.1243711528 2.46348199311
-29.0905966191 -29.7901678659 2.33804655602
-27.998784394 -29.455964579 2.21261111892
-26.9069721689 -29.1217612921 2.08717568183
-25.8151599439 -28.7875580052 1.96174024473
-26.2500490324 -27.6734117189 2.27115085636
-26.6849381209 -26.5592654326 2.58056146798
-27.1198272094 -25.4451191464 2.8899720796
-27.5547162979 -24.3309728601 -3.08380261596
-27.9896053864 -23.2168265738 -2.77439200433
-28.4244944749 -22.1026802876 -2.46498139271
-28.8593835634 -20.9885340013 -2.15557078109
-29.2942726519 -19.874387715 -1.84616016947
-30.3557267762 -19.854857284 -1.9754456798
-31.4171809005 -19.835326853 -2.10473119014
-32.4786350247 -19.815796422 -2.23401670047
-33.540089149 -19.7962659909 -2.36330221081
-34.6015432733 -19.7767355599 -2.49258772114
-35.6629973976 -19.7572051289 -2.62187323148
-36.7244515219 -19.7376746979 -2.75115874181
-37.7859056462 -19.7181442669 -2.88044425214
-37.4530024157 -18.8861903738 3.04635535483
-37.1200991853 -18.0542364807 2.68996965462
-36.7871959548 -17.2222825877 2.33358395441
-36.4542927244 -16.3903286946 1.9771982542
-36.1213894939 -15.5583748015 1.62081255399
-35.7884862635 -14.7264209085 1.26442685378
-35.455583033 -13.8944670154 0.90804115357
-35.1226798026 -13.0625131223 0.551655453361
-33.9019335166 -12.8669606321 0.804886125961
-32.6811872306 -12.671408142 1.05811679856
-31.4604409446 -12.4758556518 1.31134747116
-30.2396946587 -12.2803031616 1.56457814376
-29.0189483727 -12.0847506714 1.81780881636
-27.7982020867 -11.8891981812 2.07103948896
-26.5774558007 -11.693645691 2.32427016156
-25.3567095147 -11.4980932008 2.57750083416
-25.6616134779 -10.5888756345 2.71109561053
-25.966517441 -9.67965806811 2.8446903869
-26.2714214041 -8.77044050174 2.97828516327
-26.5763253672 -7.86122293537 3.11187993964
-26.3911946487 -7.1429014384 -3.04948983593
-26.2060639303 -6.42457994143 -2.92767430431
-26.0209332118 -5.70625844446 -2.8058587727
-25.8358024934 -4.98793694749 -2.68404324108
-24.6706024118 -4.65140758932 -2.58578619898
-23.5054023302 -4.31487823115 -2.48752915688
-22.3402022486 -3.97834887297 -2.38927211477
-21.175002167 -3.6418195148 -2.29101507267
-19.5197674038 -3.49618622602 -2.20453727532
-17.8645326407 -3.35055293725 -2.11805947798
-16.2092978775 -3.20491964847 -2.03158168063
-14.5540631143 -3.0592863597 -1.94510388328
-13.8801746245 -2.94163338293 -1.74050781251
-13.2062861347 -2.82398040616 -1.53591174173
-12.5323976448 -2.70632742939 -1.33131567096
-11.858509155 -2.58867445262 -1.12671960019
-11.1846206652 -2.47102147585 -0.922123529415
-10.5107321753 -2.35336849908 -0.717527458642
-9.83684368548 -2.23571552231 -0.512931387868
-9.16295519564 -2.11806254555 -0.308335317095
-8.93927130674 -0.873925531399 -0.200061884923
-8.71558741783 0.370211482747 -0.0917884527518
-8.49190352892 1.61434849689 0.0164849794198
-8.26821964001 2.85848551104 0.124758411591
-8.04453575111 4.10262252518 0.233031843763
-7.8208518622 5.34675953933 0.341305275935
-7.59716797329 6.59089655348 0.449578708106
-7.37348408438 7.83503356762 0.557852140278
-6.61337785714 7.53834150638 0.562807359986
-5.85327162989 7.24164944515 0.567762579693
-5.09316540265 6.94495738391 0.572717799401
-4.33305917541 6.64826532267 0.577673019109
-3.57295294816 6.35157326143 0.582628238816
-2.81284672092 6.05488120019 0.587583458524
-2.05274049367 5.75818913896 0.592538678231
-1.29263426643 5.46149707772 0.597493897939
-0.543555483455 6.12114079669 0.543744050174
0.205523299519 6.78078451566 0.489994202408
0.954602082493 7.44042823464 0.436244354643
1.70368086547 8.10007195361 0.382494506877
2.45275964844 8.75971567258 0.328744659112
3.20183843141 9.41935939156 0.274994811346
3.95091721439 10.0790031105 0.221244963581
4.69999599736 10.7386468295 0.167495115815
4.19953478267 11.4821199732 -0.144398038895
3.69907356799 12.2255931168 -0.456291193605
3.1986123533 12.9690662605 -0.768184348316
2.69815113861 13.7125394042 -1.08007750303
2.19768992392 14.4560125478 -1.39197065774
1.69722870924 15.1994856915 -1.70386381245
1.19676749455 15.9429588352 -2.01575696716
0.69630627986 16.6864319788 -2.32765012187
1.10213226872 19.0195821862 -2.31894576259
1.50795825757 21.3527323937 -2.31024140331
1.91378424643 23.6858826011 -2.30153704403
2.31961023528 26.0190328085 -2.29283268475
2.85195391576 27.7713745915 -2.25346398016
3.38429759624 29.5237163744 -2.21409527556
3.91664127671 31.2760581574 -2.17472657097
4.44898495719 33.0283999404 -2.13535786638
5.23436402092 33.6191248745 -2.03466047116
6.01974308464 34.2098498086 -1.93396307595
6.80512214836 34.8005747428 -1.83326568073
7.59050121209 35.3912996769 -1.73256828552
7.39590570361 35.3397745287 -1.66045986043
7.20131019513 35.2882493805 -1.58835143535
7.00671468666 35.2367242323 -1.51624301027
6.81211917818 35.1851990841 -1.44413458518
4.40453914206 35.0107906202 -1.49053279099
1.99695910594 34.8363821563 -1.5369309968
-0.410620930185 34.6619736924 -1.5833292026
-2.81820096631 34.4875652285 -1.62972740841
-6.33227326625 34.2517151067 -1.73537892966
-9.84634556619 34.015864985 -1.84103045091
-12.4858219735 33.3219722455 -1.85613367018
-15.1252983807 32.628079506 -1.87123688945
-16.0155830026 31.018101531 -1.70524350475
-16.9058676246 29.4081235561 -1.53925012006
-16.9215563538 27.3401029634 -1.28270843338
-16.937245083 25.2720823707 -1.02616674671
-16.9529338123 23.204061778 -0.76962506003
-16.9686225415 21.1360411854 -0.513083373353
-16.9843112708 19.0680205927 -0.256541686677
-17.0 17.0 0.0