-0.91 45.0 0.0
-2.66494838463 45.0852741834 -0.011018358936
-4.41989676927 45.1705483667 -0.022036717872
-6.1748451539 45.2558225501 -0.0330550768081
-7.92979353853 45.3410967335 -0.0440734357441
-9.68474192316 45.4263709168 -0.0550917946801
-11.4396903078 45.5116451002 -0.0661101536161
-13.1946386924 45.5969192836 -0.0771285125521
-14.9495870771 45.6821934669 -0.0881468714882
-16.7045354617 45.7674676503 -0.0991652304242
-18.4594838463 45.8527418337 -0.11018358936
-20.214432231 45.938016017 -0.121201948296
-21.9693806156 46.0232902004 -0.132220307232
-23.3733393233 46.0915095471 -0.141034994381
-24.777298031 46.1597288938 -0.14984968153
-26.1812567387 46.2279482405 -0.158664368679
-27.5852154464 46.2961675872 -0.167479055827
-28.9891741541 46.3643869339 -0.176293742976
-30.7668215159 45.7545295486 -0.171965734217
-32.5444688776 45.1446721633 -0.167637725458
-34.3221162393 44.534814778 -0.163309716699
-36.0997636011 43.9249573927 -0.158981707941
-37.5070613618 43.419406308 -0.201296930928
-38.9143591224 42.9138552233 -0.243612153915
-40.3216568831 42.4083041386 -0.285927376903
-41.7289546438 41.9027530539 -0.32824259989
-43.0621517608 41.3088760867 -0.599445972851
-44.3953488779 40.7149991195 -0.870649345811
-44.7453950031 39.6422711706 -1.15006198022
-45.0954411284 38.5695432217 -1.42947461462
-45.0280124013 37.3457156643 -1.48410372978
-44.9605836743 36.121888107 -1.53873284494
-44.8931549472 34.8980605497 -1.59336196009
-44.8257262202 33.6742329923 -1.64799107525
-44.6370715983 32.1066736436 -1.66008158938
-44.4484169764 30.5391142948 -1.67217210351
-44.2597623545 28.971554946 -1.68426261765
-44.0711077326 27.4039955973 -1.69635313178
-44.5296046184 25.2651075146 -1.58542684469
-44.9881015043 23.1262194319 -1.47450055761
-44.7399644721 21.2435507233 -1.295079325
-44.4918274399 19.3608820147 -1.11565809239
-43.6611250058 18.6757670346 -0.957452530564
-42.8304225717 17.9906520544 -0.799246968736
-41.1690177035 16.6204220941 -0.48283584508
-39.9849983104 16.063416801 -0.29038281049
-38.8009789173 15.506411508 -0.0979297758997
-36.4329401311 14.3924009218 0.28697629328
-34.7952194756 14.464999637 -0.0997564434391
-33.1574988202 14.5375983522 -0.486489180159
-31.5197781648 14.6101970674 -0.873221916878
-29.8820575094 14.6827957826 -1.2599546536
-29.7384599509 14.1780996398 -1.243550541
-29.5948623924 13.6734034971 -1.2271464284
-29.4512648339 13.1687073543 -1.2107423158
-29.3076672754 12.6640112116 -1.1943382032
-29.3259717349 10.7360218058 -1.28928769093
-29.3442761945 8.80803239997 -1.38423717867
-29.362580654 6.88004299416 -1.4791866664
-29.3808851135 4.95205358835 -1.57413615414
-28.5340332158 3.74218477635 -1.22113824286
-27.6871813182 2.53231596434 -0.868140331587
-26.8403294205 1.32244715234 -0.51514242031
-25.9934775229 0.11257834034 -0.162144509032
-24.9983058806 0.336933705257 0.103933352876
-24.0031342383 0.561289070174 0.370011214784
-23.007962596 0.785644435091 0.636089076692
-22.0127909537 1.00999980001 0.9021669386
-20.5807789334 1.56052134407 0.871709419042
-19.148766913 2.11104288814 0.841251899484
-17.7167548926 2.6615644322 0.810794379926
-16.2847428722 3.21208597627 0.780336860368
-15.0280415174 2.85969148681 0.251002053323
-13.7713401625 2.50729699736 -0.278332753722
-12.5146388076 2.1549025079 -0.807667560767
-11.2579374528 1.80250801845 -1.33700236781
-8.03045374108 1.58859016432 -0.635418647303
-4.80297002941 1.37467231019 0.0661650732066
-2.54248208278 1.14005663198 0.50051958145
-0.281994136148 0.905440953763 0.934874089693
0.0445022804081 0.629429627367 0.834770173403
0.370998696964 0.353418300971 0.734666257113
-0.269500651518 0.0567091504857 0.367333128556
-0.91 -0.24 0.0