-0.91 45.0 0.0
-3.50328955961 45.2369389337 0.0331544468901
-6.09657911922 45.4738778673 0.0663088937802
-8.68986867883 45.710816801 0.0994633406702
-11.2831582384 45.9477557347 0.13261778756
-13.876447798 46.1846946683 0.16577223445
-16.4697373577 46.421633602 0.19892668134
-19.0630269173 46.6585725357 0.232081128231
-21.6563164769 46.8955114693 0.265235575121
-24.3155312643 46.0789496757 0.398294157453
-26.9747460517 45.2623878821 0.531352739786
-29.6339608391 44.4458260885 0.664411322118
-32.2931756265 43.6292642949 0.797469904451
-34.3120039786 42.9883070324 0.925675830662
-36.3308323306 42.34734977 1.05388175687
-38.3496606826 41.7063925075 1.18208768309
-40.3684890346 41.0654352451 1.3102936093
-41.1065445158 40.775687045 1.42879422327
-41.844599997 40.4859388449 1.54729483723
-42.5826554782 40.1961906449 1.6657954512
-43.3207109594 39.9064424448 1.78429606517
-43.4880345129 38.8557510368 1.84466873453
-43.6553580665 37.8050596288 1.90504140388
-43.82268162 36.7543682208 1.96541407323
-43.9900051735 35.7036768128 2.02578674259
-44.2966377426 32.7798899267 1.97960883495
-44.6032703116 29.8561030406 1.93343092732
-44.9099028806 26.9323161545 1.88725301968
-45.2165354497 24.0085292683 1.84107511205
-45.5928225265 20.1481946431 1.74162191592
-45.9691096032 16.2878600179 1.64216871979
-45.772893274 13.5849468081 1.53458261578
-45.5766769447 10.8820335982 1.42699651177
-44.2354538033 10.493963219 1.30314459201
-42.8942306618 10.1058928398 1.17929267224
-40.9805041144 10.8752438759 1.0473078446
-39.0667775669 11.6445949121 0.915323016951
-37.5997757864 12.3303456002 0.777080083175
-36.1327740059 13.0160962884 0.638837149399
-34.6657722255 13.7018469766 0.500594215623
-33.198770445 14.3875976648 0.362351281847
-32.6252181986 14.906147657 0.211592135808
-32.0516659522 15.4246976492 0.0608329897688
-31.4781137057 15.9432476414 -0.08992615627
-30.9045614593 16.4617976337 -0.240685302309
-30.7327566943 16.2812320847 -0.381894632564
-30.5609519294 16.1006665358 -0.52310396282
-30.3891471644 15.9201009868 -0.664313293075
-30.2173423994 15.7395354379 -0.805522623331
-29.9555830633 14.3279395025 -0.915116109756
-29.6938237271 12.9163435672 -1.02470959618
-29.432064391 11.5047476318 -1.13430308261
-29.1703050549 10.0931516965 -1.24389656903
-28.8635684332 8.06604056794 -1.33768213354
-28.5568318114 6.03892943938 -1.43146769806
-28.2500951897 4.01181831083 -1.52525326257
-27.943358568 1.98470718227 -1.61903882708
-28.4129445659 1.84298129316 -1.49643882494
-28.8825305639 1.70125540404 -1.37383882279
-29.3521165618 1.55952951493 -1.25123882065
-29.8217025597 1.41780362581 -1.12863881851
-29.8261257819 1.12493575747 -1.02373424968
-29.8305490041 0.832067889132 -0.918829680853
-29.8349722263 0.539200020794 -0.813925112025
-29.8393954485 0.246332152456 -0.709020543197
-28.9134931193 -0.348819674327 -0.639506840998
-27.98759079 -0.94397150111 -0.569993138799
-27.0616884607 -1.53912332789 -0.5004794366
-26.1357861315 -2.13427515468 -0.430965734401
-24.7447210265 -2.88056896068 -0.379147465517
-23.3536559215 -3.62686276669 -0.327329196632
-22.7799641691 -4.52780162538 -0.2923325856
-20.5715257116 -5.1194503787 -0.223692658863
-19.3326905993 -5.2920870122 -0.068284789387
-18.0938554869 -5.46472364571 0.0871230800888
-16.8550203746 -5.63736027922 0.242530949565
-15.6161852623 -5.80999691272 0.397938819041
-14.37735015 -5.98263354623 0.553346688516
-13.1385150377 -6.15527017973 0.708754557992
-11.8996799254 -6.32790681324 0.864162427468
-10.6608448131 -6.50054344675 1.01957029694
-9.83808475721 -5.79921298893 1.03484023805
-9.01532470132 -5.09788253112 1.05011017916
-8.19256464543 -4.3965520733 1.06538012026
-7.36980458954 -3.69522161549 1.08065006137
-6.54704453365 -2.99389115768 1.09592000247
-5.72428447776 -2.29256069986 1.11118994358
-4.90152442188 -1.59123024205 1.12645988468
-4.07876436599 -0.889899784233 1.14172982579
-3.68266882024 -0.808662311204 0.999013597566
-3.28657327449 -0.727424838175 0.856297369343
-2.89047772874 -0.646187365146 0.713581141119
-2.49438218299 -0.564949892117 0.570864912895
-2.09828663724 -0.483712419088 0.428148684671
-1.7021910915 -0.402474946058 0.285432456448
-1.30609554575 -0.321237473029 0.142716228224
-0.91 -0.24 0.0