-43.95 -42.75 0.0
-41.6393966214 -40.9757121173 -0.16312417736
-39.3287932429 -39.2014242345 -0.326248354719
-37.0181898643 -37.4271363518 -0.489372532079
-34.7075864858 -35.6528484691 -0.652496709438
-33.0823882852 -34.1941918244 -0.80106731208
-31.4571900846 -32.7355351797 -0.949637914722
-29.8319918839 -31.276878535 -1.09820851736
-28.2067936833 -29.8182218904 -1.24677912001
-27.9524058386 -28.9908277218 -1.36624257321
-27.6980179938 -28.1634335532 -1.48570602642
-27.4436301491 -27.3360393846 -1.60516947963
-27.1892423043 -26.508645216 -1.72463293283
-27.6202596375 -25.9968822855 -1.82954281132
-28.0512769707 -25.4851193549 -1.93445268981
-28.4822943038 -24.9733564244 -2.0393625683
-28.913311637 -24.4615934938 -2.14427244679
-29.7615299205 -23.5414530969 -1.77955563018
-30.609748204 -22.6213127 -1.41483881358
-31.4579664875 -21.7011723031 -1.05012199697
-32.306184771 -20.7810319061 -0.685405180368
-33.1544030545 -19.8608915092 -0.320688363763
-34.002621338 -18.9407511123 0.0440284528418
-34.8508396215 -18.0206107154 0.408745269447
-35.699057905 -17.1004703185 0.773462086052
-35.7176325721 -16.3573977133 0.519911273763
-35.7362072391 -15.6143251082 0.266360461474
-35.7547819061 -14.8712525031 0.0128096491847
-35.7733565732 -14.128179898 -0.240741163104
-35.4230213889 -13.5281365943 -0.375047739044
-35.0726862045 -12.9280932906 -0.509354314983
-34.7223510202 -12.3280499869 -0.643660890923
-34.3720158358 -11.7280066832 -0.777967466862
-33.2838609487 -11.4140219823 -0.673785570102
-32.1957060616 -11.1000372813 -0.569603673342
-31.1075511745 -10.7860525804 -0.465421776582
-30.0193962874 -10.4720678795 -0.361239879822
-29.0497589253 -10.2146042473 -0.135744745298
-28.0801215633 -9.95714061513 0.0897503892256
-27.1104842012 -9.69967698295 0.31524552375
-26.1408468391 -9.44221335076 0.540740658274
-26.1460642299 -9.01173325322 0.770373795627
-26.1512816207 -8.58125315569 1.00000693298
-26.1564990115 -8.15077305816 1.22964007033
-26.1617164023 -7.72029296062 1.45927320769
-26.1612629604 -7.3052825057 1.58507675299
-26.1608095184 -6.89027205077 1.71088029829
-26.1603560765 -6.47526159585 1.8366838436
-26.1599026345 -6.06025114093 1.9624873889
-25.1732527742 -5.84919643657 1.87649374728
-24.1866029139 -5.6381417322 1.79050010566
-23.1999530536 -5.42708702784 1.70450646404
-22.2133031932 -5.21603232348 1.61851282242
-20.7335551237 -5.1069554944 1.42662058733
-19.2538070543 -4.99787866532 1.23472835225
-17.7740589848 -4.88880183625 1.04283611716
-16.2943109153 -4.77972500717 0.85094388208
-15.2397443873 -4.4553087789 0.665266601955
-14.1851778594 -4.13089255063 0.479589321831
-13.1306113314 -3.80647632236 0.293912041706
-12.0760448035 -3.48206009409 0.108234761581
-11.0214782755 -3.15764386582 -0.0774425185437
-9.96691174758 -2.83322763755 -0.263119798668
-8.91234521963 -2.50881140928 -0.448797078793
-7.85777869169 -2.18439518102 -0.634474358918
-7.35038557661 -0.811281450579 -0.440247445732
-6.84299246152 0.561832279857 -0.246020532545
-6.33559934644 1.93494601029 -0.0517936193586
-5.82820623136 3.30805974073 0.142433293828
-5.38987725518 4.21944431482 0.290698271906
-4.951548279 5.1308288889 0.438963249985
-4.51321930282 6.04221346299 0.587228228063
-4.07489032664 6.95359803708 0.735493206142
-3.77468962826 6.94152429847 0.791834314004
-3.47448892989 6.92945055986 0.848175421866
-3.17428823151 6.91737682125 0.904516529729
-2.87408753313 6.90530308264 0.960857637591
-2.64295097366 6.43150018768 0.971236810345
-2.41181441418 5.95769729272 0.9816159831
-2.1806778547 5.48389439776 0.991995155854
-1.94954129523 5.0100915028 1.00237432861
-1.19213543182 5.83819783402 0.980094442451
-0.434729568404 6.66630416523 0.957814556294
0.322676295007 7.49441049645 0.935534670137
1.08008215842 8.32251682767 0.91325478398
1.56523691572 9.70571142892 0.852174202175
2.05039167302 11.0889060302 0.791093620369
2.53554643033 12.4721006314 0.730013038564
3.02070118763 13.8552952327 0.668932456758
2.96135373271 16.348666374 0.530250483655
2.9020062778 18.8420375153 0.391568510552
2.84265882288 21.3354086567 0.25288653745
2.78331136797 23.828779798 0.114204564347
2.45171280694 26.8772392094 -0.0632781044042
2.12011424592 29.9256986207 -0.240760773155
1.37775766998 32.1487154401 -0.470046527119
0.635401094041 34.3717322594 -0.699332281082
-0.928471511725 34.9438638947 -1.03222420547
-2.49234411749 35.5159955299 -1.36511612986
-4.46697473817 35.2626845732 -1.74981113946
-6.44160535885 35.0093736164 -2.13450614906
-8.41623597953 34.7560626597 -2.51920115866
-10.3908666002 34.5027517029 -2.90389616826
-12.3654972209 34.2494407461 2.99459412932
-14.3401278416 33.9961297894 2.60989911972
-14.6726118614 31.8716135657 2.28366172976
-15.0050958812 29.747097342 1.95742433979
-15.337579901 27.6225811184 1.63118694983
-15.6700639208 25.4980648947 1.30494955986
-16.0025479406 23.373548671 0.978712169896
-16.3350319604 21.2490324473 0.652474779931
-16.6675159802 19.1245162237 0.326237389965
-17.0 17.0 0.0