-43.95 -42.75 0.0
-42.3621791635 -41.9611207428 0.035438681009
-40.7743583269 -41.1722414857 0.0708773620181
-39.1865374904 -40.3833622285 0.106316043027
-37.5987166539 -39.5944829714 0.141754724036
-37.1635885531 -38.7352684662 0.400836746379
-36.7284604523 -37.876053961 0.659918768723
-36.2933323515 -37.0168394558 0.919000791066
-35.8582042507 -36.1576249506 1.17808281341
-35.4230761499 -35.2984104455 1.43716483575
-34.9879480491 -34.4391959403 1.6962468581
-34.5528199483 -33.5799814351 1.95532888044
-34.1176918475 -32.7207669299 2.21441090278
-32.5078314054 -31.4203952705 2.35218103113
-30.8979709633 -30.120023611 2.48995115948
-29.2881105212 -28.8196519515 2.62772128782
-27.678250079 -27.5192802921 2.76549141617
-27.7541990858 -26.6434473251 2.89978249492
-27.8301480925 -25.7676143581 3.03407357366
-27.9060970992 -24.8917813911 -3.11482065477
-27.9820461059 -24.0159484241 -2.98052957603
-29.3857952987 -23.0102557372 -2.98607672988
-30.7895444916 -22.0045630503 -2.99162388373
-32.1932936844 -20.9988703635 -2.99717103758
-33.5970428772 -19.9931776766 -3.00271819143
-33.2664845424 -18.8641739518 -3.12765114487
-32.9359262076 -17.735170227 3.03060120886
-32.6053678727 -16.6061665022 2.90566825542
-32.2748095379 -15.4771627774 2.78073530198
-31.9442512031 -14.3481590527 2.65580234853
-31.6136928683 -13.2191553279 2.53086939509
-31.2831345334 -12.0901516031 2.40593644164
-30.9525761986 -10.9611478783 2.2810034882
-29.7387790401 -10.0904855008 2.32297688547
-28.5249818815 -9.21982312319 2.36495028275
-27.3111847229 -8.34916074562 2.40692368002
-26.0973875644 -7.47849836806 2.4488970773
-24.8835904058 -6.60783599049 2.49087047457
-23.6697932472 -5.73717361293 2.53284387185
-22.4559960887 -4.86651123536 2.57481726912
-21.2421989301 -3.9958488578 2.61679066639
-19.6156441496 -3.58860976156 2.5259399445
-17.9890893691 -3.18137066532 2.4350892226
-16.3625345886 -2.77413156908 2.3442385007
-14.735979808 -2.36689247284 2.25338777881
-13.1094250275 -1.9596533766 2.16253705691
-11.482870247 -1.55241428036 2.07168633501
-9.85631546646 -1.14517518412 1.98083561311
-8.22976068594 -0.737936087884 1.88998489122
-7.51482756071 0.217252919916 1.96596788341
-6.79989443549 1.17244192772 2.04195087561
-6.08496131026 2.12763093552 2.11793386781
-5.37002818504 3.08281994332 2.19391686
-4.65509505981 4.03800895112 2.2698998522
-3.94016193459 4.99319795892 2.3458828444
-3.22522880936 5.94838696672 2.42186583659
-2.51029568414 6.90357597452 2.49784882879
-1.79536255891 7.85876498232 2.57383182099
-1.08042943369 8.81395399012 2.64981481318
-0.365496308465 9.76914299792 2.72579780538
0.349436816759 10.7243320057 2.80178079758
0.380982505158 11.6885081716 2.78481097894
0.412528193556 12.6526843375 2.76784116031
0.457142249797 14.6432004996 2.72161753955
0.501756306039 16.6337166618 2.67539391879
0.525339903349 17.9814487134 2.64048351045
0.548923500658 19.329180765 2.60557310212
0.572507097968 20.6769128166 2.57066269378
0.596090695277 22.0246448683 2.53575228544
0.619674292587 23.3723769199 2.5008418771
0.643257889897 24.7201089715 2.46593146877
0.671197609821 26.4099543552 2.42126979305
0.699137329745 28.0997997389 2.37660811734
0.727077049669 29.7896451226 2.33194644163
0.748031839612 31.0570291604 2.29845018484
0.768986629555 32.3244131982 2.26495392806
0.789941419498 33.5917972359 2.23145767127
0.810896209441 34.8591812737 2.19796141449
-0.367721150784 34.8880075196 2.02600255196
-1.54633851101 34.9168337655 1.85404368944
-2.72495587124 34.9456600114 1.68208482691
-3.90357323146 34.9744862573 1.51012596439
-5.08219059169 35.0033125031 1.33816710186
-6.26080795191 35.032138749 1.16620823933
-8.02873399225 35.0753781179 0.908269945546
-9.79666003259 35.1186174867 0.650331651758
-10.9752773928 35.1474437326 0.478372789233
-12.153894753 35.1762699784 0.306413926707
-13.3325121133 35.2050962243 0.134455064182
-13.6381361038 33.6880048723 0.1232504755
-13.9437600944 32.1709135203 0.112045886818
-14.2493840849 30.6538221682 0.100841298136
-14.5550080755 29.1367308162 0.0896367094545
-14.8606320661 27.6196394642 0.0784321207726
-15.1662560566 26.1025481122 0.0672275320908
-15.4718800472 24.5854567601 0.056022943409
-15.7775040378 23.0683654081 0.0448183547272
-16.0831280283 21.5512740561 0.0336137660454
-16.5415640142 19.275637028 0.0168068830227
-17.0 17.0 0.0